[[0.22, 1.47, 0.57, 0.050, 0.003, 0.030, 0.02, 5.5, 0.81],
[0.46, 1.07, 1.50, 1.280, 0.380, 0.210, 0.05, 7.0, 0.40],
[0.10, 0.36, 3.45, 0.970, 0.650, 0.007, 0.05, 3.4, 0.81],
[1.62, 0.61, 1.64, 0.010, 0.012, 0.003, 0.09, 1.0, 0.41],
[1.52, 0.32, 0.25, 0.060, 0.260, 0.400, 0.01, 1.0, 0.31],
[0.74, 1.54, 2.10, 0.090, 0.090, 0.004, 0.09, 9.3, 0.90],
[0.14, 1.08, 1.68, 0.770, 0.015, 0.018, 0.02, 1.0, 0.63],
[0.13, 0.81, 3.45, 0.005, 0.009, 0.007, 0.01, 1.0, 0.14],
[0.06, 0.21, 1.78, 0.500, 0.880, 0.009, 0.06, 1.0, 0.08],
[1.55, 0.47, 0.63, 0.010, 0.050, 0.035, 0.02, 1.0, 0.12],
[0.86, 0.86, 0.06, 0.005, 0.005, 0.090, 0.01, 3.1, 0.91],
[0.08, 0.11, 0.07, 1.250, 0.420, 1.430, 0.06, 1.0, 0.08]]
